tepoch 2458849.5
tstart 2458849.5
tstep 20.0
trange 500.
geocentric 0
state
 3.338876057509365E+00  -9.176517956664152E-01  -5.038590450387491E-01
 2.805663678557796E-03   7.550408259144305E-03   2.980028369986096E-03
state
 3.3388770575093649e+00 -9.1765179566641519e-01 -5.0385904503874912e-01
 2.8056636785577958e-03  7.5504082591443047e-03  2.9800283699860960e-03
state
 3.3388760575093648e+00 -9.1765079566641516e-01 -5.0385904503874912e-01
 2.8056636785577958e-03  7.5504082591443047e-03  2.9800283699860960e-03
state
 3.3388760575093648e+00 -9.1765179566641519e-01 -5.0385804503874909e-01
 2.8056636785577958e-03  7.5504082591443047e-03  2.9800283699860960e-03
state
 3.3388760575093648e+00 -9.1765179566641519e-01 -5.0385904503874912e-01
 2.8066636785577959e-03  7.5504082591443047e-03  2.9800283699860960e-03
state
 3.3388760575093648e+00 -9.1765179566641519e-01 -5.0385904503874912e-01
 2.8056636785577958e-03  7.5514082591443049e-03  2.9800283699860960e-03
state
 3.3388760575093648e+00 -9.1765179566641519e-01 -5.0385904503874912e-01
 2.8056636785577958e-03  7.5504082591443047e-03  2.9810283699860962e-03
 